# Record Forge II packing certificate
# {"claim_authority": "NONE", "manifest_sha256": "1df03fae1ab4a51eca9fbfeb2e39800b7a352a569e96d364b2d477f80735134f", "n": 800, "parent_certificate_sha256": "0d00fa75a009e81750842bf2d95f1b8afd2bb3a225750dc9ee5537e46deb5c20", "seed": 2026083001, "target_claim": "0.018637592296199977923367"}
# index x y claimed_radius
    1 -0.420205495732155376309436 -0.481362407663231461896203 0.018637592296199977923367
    2 -0.355642983288634972893760 -0.481362407663231461896203 0.018637592296199977923367
    3 -0.161955827186977874276863 -0.481362407663231461896203 0.018637592296199977923367
    4 -0.097398845639974418464391 -0.481362407663231461896203 0.018637592296199977923367
    5 -0.032836323685092802526775 -0.481362407663231461896203 0.018637592296199977923367
    6 0.031726190240874363457380 -0.481362407663231461896203 0.018637592296199977923367
    7 0.096288703875710618396155 -0.481362407663231461896203 0.018637592296199977923367
    8 0.160851076877894322292306 -0.481362407663231461896203 0.018637592296199977923367
    9 0.225413602771270454860897 -0.481362407663231461896203 0.018637592296199977923367
   10 0.289976116568519182159491 -0.481362407663231461896203 0.018637592296199977923367
   11 0.354538630355323847176408 -0.481362407663231461896203 0.018637592296199977923367
   12 0.416799893844450319857486 -0.481362407663231461896203 0.018637592296199977923367
   13 0.481362407658240953889361 -0.481362407663231461896203 0.018637592296199977923367
   14 -0.291080822631552438295444 -0.481362407663231461896203 0.018637592296199977923367
   15 -0.226518317154279336111955 -0.481362407663231461896203 0.018637592296199977923367
   16 -0.481243193267799851398081 -0.481243078429799853168447 0.018637592296199977923367
   17 0.193132339824582388576601 -0.462724825872315614905261 0.018637592296199977923367
   18 -0.065117584662533603556689 -0.462724822461477114377004 0.018637592296199977923367
   19 -0.000555066694034068606675 -0.462724815459603810996470 0.018637592296199977923367
   20 0.064007447058292490926767 -0.462724815256104649030533 0.018637592296199977923367
   21 0.257694859669894804632406 -0.462724815396758026864177 0.018637592296199977923367
   22 0.322257373461921514667949 -0.462724815387713150904858 0.018637592296199977923367
   23 0.449081150751238444840396 -0.462724815410898160372710 0.018637592296199977923367
   24 -0.387924239510395174601598 -0.462724814224394931372331 0.018637592296199977923367
   25 -0.258799569892915914959275 -0.462724808191449621386226 0.018637592296199977923367
   26 -0.194237072170628605194409 -0.462724794759433399882198 0.018637592296199977923367
   27 0.128569890376802470344231 -0.462724693465186132090849 0.018637592296199977923367
   28 -0.323361902960093705594602 -0.462724509571746933644931 0.018637592296199977923367
   29 -0.129677336413476146370627 -0.462720025148347313681541 0.018637592296199977923367
   30 0.385669262099887055761371 -0.460860623359647336716449 0.018637592296199977923367
   31 -0.449081150292233943766007 -0.457790475918605388461202 0.018637592296199977923367
   32 -0.032836323475204591548771 -0.444087222989694385688608 0.018637592296199977923367
   33 0.031726190159631656451111 -0.444087222989694385688608 0.018637592296199977923367
   34 0.225413602841996157932769 -0.444087222989694385688608 0.018637592296199977923367
   35 0.289976116639244885231363 -0.444087222989694385688608 0.018637592296199977923367
   36 0.481362407663231461896203 -0.444087222989694385688608 0.018637592296199977923367
   37 -0.226518324909265184041729 -0.444087195287651559372222 0.018637592296199977923367
   38 0.160851153318241790746157 -0.444087111665179223862765 0.018637592296199977923367
   39 0.096288626011519939940086 -0.444087087984894823833315 0.018637592296199977923367
   40 -0.355643159181853907302440 -0.444086916132910403121059 0.018637592296199977923367
   41 -0.291080650221457126747282 -0.444086910099965093134955 0.018637592296199977923367
   42 -0.097396075436035345340713 -0.444082439946592966162342 0.018637592296199977923367
   43 -0.161958581397126877288173 -0.444082412244549251667536 0.018637592296199977923367
   44 0.353388005200522659077222 -0.442223031070921424046105 0.018637592296199977923367
   45 0.417950519006406007171961 -0.442223031106847686011463 0.018637592296199977923367
   46 -0.481362407663231461896203 -0.439152884470306259512284 0.018637592296199977923367
   47 -0.416799889723492134052663 -0.439152877154710408191818 0.018637592296199977923367
   48 -0.000555066657786468090931 -0.425449630582567572822938 0.018637592296199977923367
   49 0.257694859740620507704278 -0.425449630723220950656582 0.018637592296199977923367
   50 0.193132410216866168273242 -0.425449519398705788830739 0.018637592296199977923367
   51 0.128569890457972263453357 -0.425449508791649055883255 0.018637592296199977923367
   52 0.064007364991302426182607 -0.425449488579809687038846 0.018637592296199977923367
   53 -0.323361906443217328455120 -0.425449316661128562611083 0.018637592296199977923367
   54 -0.258799405237806423585312 -0.425449297196167031120950 0.018637592296199977923367
   55 -0.065114818473775523677283 -0.425444847790339364390633 0.018637592296199977923367
   56 -0.129677320419686048502683 -0.425444827042794959659489 0.018637592296199977923367
   57 -0.194239834135763428379917 -0.425444812772767411157560 0.018637592296199977923367
   58 0.385669262100735155129883 -0.423585438686110260508855 0.018637592296199977923367
   59 0.450231775863942418336450 -0.423585438769207844877940 0.018637592296199977923367
   60 0.321106748333582603383007 -0.423585438609846098856337 0.018637592296199977923367
   61 -0.449081150292233943766007 -0.420515291245068312253608 0.018637592296199977923367
   62 -0.384517603749666592172218 -0.420513502223452850792285 0.018637592296199977923367
   63 0.225413667115490545800327 -0.406811927132232353798713 0.018637592296199977923367
   64 0.160851153399411611610859 -0.406811926991642147655170 0.018637592296199977923367
   65 0.031726107723744997879400 -0.406811895374330156904819 0.018637592296199977923367
   66 0.096288625930235363648002 -0.406811903311357692114569 0.018637592296199977923367
   67 -0.291080661459566625293149 -0.406811703757330500597078 0.018637592296199977923367
   68 -0.032833561656357396207895 -0.406807255383212607036114 0.018637592296199977923367
   69 -0.097396063457426240717041 -0.406807234886541302376628 0.018637592296199977923367
   70 -0.161958573158322627350003 -0.406807227571013063638361 0.018637592296199977923367
   71 -0.226520914464304695679076 -0.406806914681282882906288 0.018637592296199977923367
   72 0.288825491411201729086144 -0.404947846306350667244800 0.018637592296199977923367
   73 0.417950519006327014803759 -0.404947846431704838732202 0.018637592296199977923367
   74 0.353388005239174463056884 -0.404947846355440677079685 0.018637592296199977923367
   75 0.481362407663231461896203 -0.403083654548721304067271 0.018637592296199977923367
   76 -0.481362407663231461896203 -0.401877699796769183304690 0.018637592296199977923367
   77 -0.416799889723492134052663 -0.401877692481173331984223 0.018637592296199977923367
   78 -0.352236320330483687612855 -0.401875865171939850029048 0.018637592296199977923367
   79 0.193132410298035989137944 -0.388174334725168712623145 0.018637592296199977923367
   80 0.128569890376687701039060 -0.388174324118111979675660 0.018637592296199977923367
   81 0.064007354245870701214827 -0.388174285059715462598007 0.018637592296199977923367
   82 -0.065114806640008113247653 -0.388169642479414545022109 0.018637592296199977923367
   83 -0.129677316196062819564361 -0.388169635414759461866652 0.018637592296199977923367
   84 -0.000552391138288195080938 -0.388169513502028773466179 0.018637592296199977923367
   85 -0.194239653486863866893586 -0.388169329479528590898241 0.018637592296199977923367
   86 -0.258804371524131271442570 -0.388165511104405114295446 0.018637592296199977923367
   87 0.321106748428687360785716 -0.386310253936309022648743 0.018637592296199977923367
   88 0.385669262195839857021440 -0.386310254012573184301260 0.018637592296199977923367
   89 0.256544298784231183940818 -0.386310142713516546653096 0.018637592296199977923367
   90 0.449081150798739614504740 -0.384446062200776983441841 0.018637592296199977923367
   91 -0.449081150292233943766007 -0.383240106571531180534862 0.018637592296199977923367
   92 -0.384517604775582721998717 -0.383238317549915774584690 0.018637592296199977923367
   93 -0.319955025636869561100895 -0.383238191380029180610478 0.018637592296199977923367
   94 0.160851153480581404719985 -0.369536742318105015936425 0.018637592296199977923367
   95 0.096288629404263387234764 -0.369536718555332988067619 0.018637592296199977923367
   96 -0.097396059378644692094973 -0.369532043007632704512133 0.018637592296199977923367
   97 0.031728859164715121632394 -0.369531909811609104998809 0.018637592296199977923367
   98 -0.032833642282536448786523 -0.369531889927880996538079 0.018637592296199977923367
   99 -0.161958396524604059107943 -0.369531737323274989126531 0.018637592296199977923367
  100 -0.226520914545547374929768 -0.369531730007745806698694 0.018637592296199977923367
  101 0.353388005334279164948441 -0.367672661681903545360939 0.018637592296199977923367
  102 0.288825555713841275462528 -0.367672550500712014276417 0.018637592296199977923367
  103 0.224263041966776599522859 -0.367672550306452905477528 0.018637592296199977923367
  104 0.481362407663231461896203 -0.365808469875184227859677 0.018637592296199977923367
  105 0.416799893909159724358915 -0.365808469661548063545098 0.018637592296199977923367
  106 -0.481362407663231461896203 -0.364602515123232107097095 0.018637592296199977923367
  107 -0.416799890749408263879161 -0.364602507807636255776629 0.018637592296199977923367
  108 -0.352236329522920887935555 -0.364600680498403939555629 0.018637592296199977923367
  109 -0.287678936519217720579888 -0.364591651118745030402124 0.018637592296199977923367
  110 0.128569902705945204868243 -0.350899139444576901869510 0.018637592296199977923367
  111 0.064010132492626908851108 -0.350894346001525303524460 0.018637592296199977923367
  112 -0.065114895021173013756055 -0.350894290456099156028102 0.018637592296199977923367
  113 -0.000552413785853113565097 -0.350894248467888913989299 0.018637592296199977923367
  114 -0.194239653568106573899854 -0.350894144805991459179495 0.018637592296199977923367
  115 -0.129677139707185917760768 -0.350894144916148176260862 0.018637592296199977923367
  116 0.256544298879335885832376 -0.349034958039979470445502 0.018637592296199977923367
  117 0.321106812619433135136404 -0.349034958246306536988612 0.018637592296199977923367
  118 0.191981785149322015104900 -0.349034957899389208790808 0.018637592296199977923367
  119 0.384518637047600864153907 -0.347170877330875260469156 0.018637592296199977923367
  120 0.449081150847867038855554 -0.347170877464500260423108 0.018637592296199977923367
  121 -0.449081151318150073592506 -0.345964921897994104327267 0.018637592296199977923367
  122 -0.384517612196988600725689 -0.345963132876379420022062 0.018637592296199977923367
  123 -0.255395278830182981266717 -0.345958217761912434351501 0.018637592296199977923367
  124 -0.319960283565020209284313 -0.345954065530271581696553 0.018637592296199977923367
  125 0.096291401582286384464027 -0.332256774850560154810353 0.018637592296199977923367
  126 0.031728882913274497612477 -0.332256725138079578307782 0.018637592296199977923367
  127 -0.032833666536464557739183 -0.332256648970241319496211 0.018637592296199977923367
  128 -0.161958396605846766114212 -0.332256552649737857407786 0.018637592296199977923367
  129 -0.097395975349714267177426 -0.332256392364614627776831 0.018637592296199977923367
  130 0.288825555808946032865236 -0.330397365827174882557671 0.018637592296199977923367
  131 0.224263042061881329169992 -0.330397365632915773758782 0.018637592296199977923367
  132 0.159698963571910712566648 -0.330394968396940491572877 0.018637592296199977923367
  133 0.416799893909159724358915 -0.328533284988010931826352 0.018637592296199977923367
  134 0.481362407663231461896203 -0.328533285053816348497691 0.018637592296199977923367
  135 0.352237444259218657194310 -0.328533173783624343755605 0.018637592296199977923367
  136 -0.481362407663231461896203 -0.327327328672756157068591 0.018637592296199977923367
  137 -0.416799898170814142606133 -0.327327323134099901214000 0.018637592296199977923367
  138 -0.223114017852742152481227 -0.327320632560158086832303 0.018637592296199977923367
  139 -0.352241586901750947102840 -0.327316482142602172000778 0.018637592296199977923367
  140 -0.287679030603043117686468 -0.327316466445326692547013 0.018637592296199977923367
  141 0.064010147805199979487156 -0.313619133568799890454670 0.018637592296199977923367
  142 -0.000552458159094659133695 -0.313618972476169599605811 0.018637592296199977923367
  143 -0.129677232248375073897506 -0.313618800098204308923755 0.018637592296199977923367
  144 -0.065114747121847588173793 -0.313618750439020099740617 0.018637592296199977923367
  145 0.256544299022477162441902 -0.311759773366442338726756 0.018637592296199977923367
  146 0.191981785244426744752033 -0.311759773225852132583213 0.018637592296199977923367
  147 0.127419032995221531701091 -0.311750435463269470748315 0.018637592296199977923367
  148 0.449081150805191953168105 -0.309895692717047810393893 0.018637592296199977923367
  149 0.319956187448731554923143 -0.309895581364492689324663 0.018637592296199977923367
  150 0.384518701186257916280198 -0.309895581566366873360607 0.018637592296199977923367
  151 -0.449081154515895586420982 -0.308689729908861953955324 0.018637592296199977923367
  152 -0.190832760890482316940009 -0.308683040403904485060593 0.018637592296199977923367
  153 -0.255395372914008378373296 -0.308683033088494096496390 0.018637592296199977923367
  154 -0.384524905002132377784818 -0.308678885976851613559546 0.018637592296199977923367
  155 -0.319960335210457247345772 -0.308678880856770310181503 0.018637592296199977923367
  156 0.031728891262178086918322 -0.294981540464543445789758 0.018637592296199977923367
  157 -0.097396005422141718188556 -0.294981155744918566163904 0.018637592296199977923367
  158 -0.032833538542974584351075 -0.294981074480532401427268 0.018637592296199977923367
  159 0.224263042205022605779519 -0.293122180959378697551188 0.018637592296199977923367
  160 0.159703104659745215299083 -0.293117719364799189651904 0.018637592296199977923367
  161 0.095136434743199646546508 -0.293110752159798815252856 0.018637592296199977923367
  162 0.481362407663231461896203 -0.291258100380279272290096 0.018637592296199977923367
  163 0.287674930620571867034840 -0.291257988840455284140774 0.018637592296199977923367
  164 0.352237444397218157909890 -0.291257989110087212036859 0.018637592296199977923367
  165 0.416799958082290145089388 -0.291257989295403696416997 0.018637592296199977923367
  166 -0.481362407663231461896203 -0.290052131144967695330905 0.018637592296199977923367
  167 -0.223114111936567577343382 -0.290045447886739748977192 0.018637592296199977923367
  168 -0.158551257041350562859705 -0.290044872027114153389959 0.018637592296199977923367
  169 -0.352243645900597091014106 -0.290041297525932384449021 0.018637592296199977923367
  170 -0.416806161347213766088515 -0.290041292751613666300869 0.018637592296199977923367
  171 -0.287679082248480155747927 -0.290041281771825365520812 0.018637592296199977923367
  172 -0.000552247343798134126408 -0.276343541624484434482412 0.018637592296199977923367
  173 -0.065115769312152863013132 -0.276341795532463130324885 0.018637592296199977923367
  174 0.191984361589350394083908 -0.274480127151986108557935 0.018637592296199977923367
  175 0.127418999874308241926357 -0.274475250789747104995797 0.018637592296199977923367
  176 0.062852960926496559412868 -0.274469795536894156651186 0.018637592296199977923367
  177 0.319956187586731055638722 -0.272620396690955557605918 0.018637592296199977923367
  178 0.384518701293250442230232 -0.272620396839124090604400 0.018637592296199977923367
  179 0.449081214940329598306334 -0.272620396958635158313200 0.018637592296199977923367
  180 0.255393619260018300831661 -0.272620312169935596902093 0.018637592296199977923367
  181 -0.190832854974307741802164 -0.271407855730486147205482 0.018637592296199977923367
  182 -0.255395424559445416434755 -0.271407848414992769470189 0.018637592296199977923367
  183 -0.126270025601580765384213 -0.271407220854089414885379 0.018637592296199977923367
  184 -0.384524904550745783016197 -0.271403700308200157564897 0.018637592296199977923367
  185 -0.449087414494549697074888 -0.271403693987719407676451 0.018637592296199977923367
  186 -0.319962394209303391257038 -0.271403696240100467118594 0.018637592296199977923367
  187 -0.032833538747370459576214 -0.257705889806995325219674 0.018637592296199977923367
  188 0.159703061413873220741877 -0.255842517148225978562692 0.018637592296199977923367
  189 0.095136159067894979224356 -0.255835566006014647477684 0.018637592296199977923367
  190 0.030565992428239853462291 -0.255822953281645781853371 0.018637592296199977923367
  191 0.287674930620571867034840 -0.253982804166918207933179 0.018637592296199977923367
  192 0.352237444482763284447913 -0.253982804419992436173459 0.018637592296199977923367
  193 0.416799958151289895447178 -0.253982804502355552500603 0.018637592296199977923367
  194 0.481362407663231461896203 -0.253982693536991099847455 0.018637592296199977923367
  195 0.223114289971125950851061 -0.253977274877441039357961 0.018637592296199977923367
  196 -0.223114163582004615404841 -0.252770263213238421950990 0.018637592296199977923367
  197 -0.158551317191635149361773 -0.252769687353625593928541 0.018637592296199977923367
  198 -0.093989788128030188341100 -0.252767860140453215489487 0.018637592296199977923367
  199 -0.416806157774532781701282 -0.252766101411888766126168 0.018637592296199977923367
  200 -0.352243652714178123730449 -0.252766099273990019202785 0.018637592296199977923367
  201 -0.287681141247326299659193 -0.252766097155155577969055 0.018637592296199977923367
  202 -0.481362407663231461896203 -0.252755256830471120021997 0.018637592296199977923367
  203 0.127418623911429662598493 -0.237200066118106039914082 0.018637592296199977923367
  204 0.062852587963582340346846 -0.237194610865222949014353 0.018637592296199977923367
  205 -0.001716922350849845986878 -0.237182839924531985165146 0.018637592296199977923367
  206 0.319956187586731055638722 -0.235345212017418481398323 0.018637592296199977923367
  207 0.384518701340802793176010 -0.235345212083223870314086 0.018637592296199977923367
  208 0.449081150874191759037046 -0.235345101080711438523707 0.018637592296199977923367
  209 0.255396206649436907643036 -0.235340825429628197618115 0.018637592296199977923367
  210 0.190833018146363331268844 -0.235339707919254709223011 0.018637592296199977923367
  211 -0.190832906619744807619199 -0.234132671056984820179281 0.018637592296199977923367
  212 -0.255397483558291560346021 -0.234132663798322954162856 0.018637592296199977923367
  213 -0.126271078198871899989086 -0.234130325330064004152320 0.018637592296199977923367
  214 -0.319962397592407132851378 -0.234128503929916575998504 0.018637592296199977923367
  215 -0.384524905861513999205670 -0.234128500510095760578366 0.018637592296199977923367
  216 -0.449081150943214546522597 -0.234117664254640478471714 0.018637592296199977923367
  217 -0.063694959321168406751745 -0.231050059191141882175557 0.018637592296199977923367
  218 0.095135785069249537149183 -0.218560378223692342025686 0.018637592296199977923367
  219 0.030565785098819735210451 -0.218547760312001682070360 0.018637592296199977923367
  220 0.352237444482763284447913 -0.216707619746455332210289 0.018637592296199977923367
  221 0.416799894063704601254727 -0.216707508661579784092766 0.018637592296199977923367
  222 0.481362407663231461896203 -0.216707508624431804955535 0.018637592296199977923367
  223 0.287677463615596096246918 -0.216703233280128498838835 0.018637592296199977923367
  224 0.223114272961520004878722 -0.216702090203907821175378 0.018637592296199977923367
  225 0.158551673815203020279085 -0.216701954104180166682525 0.018637592296199977923367
  226 -0.223116222989549806143827 -0.215495077888680747202343 0.018637592296199977923367
  227 -0.158552669591091405232319 -0.215493312435501932489146 0.018637592296199977923367
  228 -0.287681140484012942692971 -0.215490912026775116583366 0.018637592296199977923367
  229 -0.352243650739742952815448 -0.215490905166022345129662 0.018637592296199977923367
  230 -0.481362407663231461896203 -0.215480071678809836921431 0.018637592296199977923367
  231 -0.416799899204161550247960 -0.215480063051530057460781 0.018637592296199977923367
  232 -0.030688585560226990661681 -0.213729010313683243094118 0.018637592296199977923367
  233 -0.095976283452529537187914 -0.212412465537711508956065 0.018637592296199977923367
  234 0.062852385421069106863357 -0.199919426192236154848914 0.018637592296199977923367
  235 0.384518637205665148037781 -0.198069916324811245988968 0.018637592296199977923367
  236 0.449081150852744359625035 -0.198069916205300150524593 0.018637592296199977923367
  237 0.255396189639830961670697 -0.198065640756094979435531 0.018637592296199977923367
  238 0.319958720511628325056108 -0.198065641009165349650800 0.018637592296199977923367
  239 0.190833012676760754855465 -0.198064503802393265807780 0.018637592296199977923367
  240 0.126270302741199602625244 -0.198064493253800377736695 0.018637592296199977923367
  241 -0.190834965618590729485859 -0.196857486440315004871948 0.018637592296199977923367
  242 -0.255397482532452368975129 -0.196857479124785877955262 0.018637592296199977923367
  243 -0.319962393880800943790632 -0.196853312830817028800112 0.018637592296199977923367
  244 -0.449081155925344532864329 -0.196842470473679698184100 0.018637592296199977923367
  245 -0.384518643908424773147914 -0.196842468008774112986359 0.018637592296199977923367
  246 0.001594066976742881990362 -0.195093832956257623445495 0.018637592296199977923367
  247 -0.063695024558107285472808 -0.193774874517661871431429 0.018637592296199977923367
  248 -0.128258305498306746095238 -0.193774866435382747686944 0.018637592296199977923367
  249 0.416799893994704850896937 -0.179432323868531612420796 0.018637592296199977923367
  250 0.481362407663231461896203 -0.179432323786168496093651 0.018637592296199977923367
  251 0.287677446605990150274579 -0.179428048606595280656251 0.018637592296199977923367
  252 0.352239913234530188645977 -0.179427937587521263429480 0.018637592296199977923367
  253 0.223114266108079384309804 -0.179426905530371355590447 0.018637592296199977923367
  254 0.093989065243358010937058 -0.179426828453282644071365 0.018637592296199977923367
  255 0.158551547217735178119113 -0.179426769430858057408074 0.018637592296199977923367
  256 -0.223116221963710614772936 -0.178219893215143670994749 0.018637592296199977923367
  257 -0.287681133062607119477150 -0.178215727353238762020737 0.018637592296199977923367
  258 -0.352237387049482764123098 -0.178204875673568796656809 0.018637592296199977923367
  259 -0.416799900628441688521519 -0.178204875432943471436076 0.018637592296199977923367
  260 -0.481362407663231461896203 -0.178204869268549559446768 0.018637592296199977923367
  261 0.033880714226977914904637 -0.176465579344963680030745 0.018637592296199977923367
  262 -0.030686194117799943381630 -0.176453825710112977009913 0.018637592296199977923367
  263 -0.095977044729681965096191 -0.175137280871948269878047 0.018637592296199977923367
  264 -0.160941484982715377061169 -0.174590488260972592771125 0.018637592296199977923367
  265 0.449081150805191953168105 -0.160794731449399957989854 0.018637592296199977923367
  266 0.255396182786390313346203 -0.160790456082558513850600 0.018637592296199977923367
  267 0.319958647871720514022087 -0.160790359981454522575461 0.018637592296199977923367
  268 0.384521170023569891505133 -0.160790345131241629861307 0.018637592296199977923367
  269 0.190832898869079808923388 -0.160789319129029911747963 0.018637592296199977923367
  270 0.126270289192206730533030 -0.160789179116239883127193 0.018637592296199977923367
  271 -0.255397475111046545759308 -0.159582294451249523392633 0.018637592296199977923367
  272 -0.319956126231288939809616 -0.159567290195990557633010 0.018637592296199977923367
  273 -0.384518643769499679496704 -0.159567283097738155106526 0.018637592296199977923367
  274 -0.449081152366328617553393 -0.159567274227813332698744 0.018637592296199977923367
  275 0.001596455013921517247094 -0.157818644924420325992287 0.018637592296199977923367
  276 -0.128350592908406335723726 -0.156499796006472319254144 0.018637592296199977923367
  277 -0.063695786736651077708515 -0.156499689851917062055620 0.018637592296199977923367
  278 0.065018122462678060169416 -0.155972108946365789483579 0.018637592296199977923367
  279 -0.193222741327835234592669 -0.155952895035801258893926 0.018637592296199977923367
  280 0.481362407663231461896203 -0.142157139112631419886057 0.018637592296199977923367
  281 0.287677387586972699295984 -0.142152773579920177482450 0.018637592296199977923367
  282 0.352239896227312387910757 -0.142152752913988045246896 0.018637592296199977923367
  283 0.416802426834056993776301 -0.142152752712109975430366 0.018637592296199977923367
  284 0.223114152604952209468792 -0.142151720857007085596635 0.018637592296199977923367
  285 0.158551544882757106114113 -0.142151584757321036711630 0.018637592296199977923367
  286 -0.287674628844676039118866 -0.140930114473140272179918 0.018637592296199977923367
  287 -0.352237386908756722192493 -0.140929690765652204653691 0.018637592296199977923367
  288 -0.416799895508181639236511 -0.140929681891230923485026 0.018637592296199977923367
  289 -0.481362407663231461896203 -0.140929679187077078195145 0.018637592296199977923367
  290 -0.030686335514800038015704 -0.139178640379800488968698 0.018637592296199977923367
  291 -0.096069332139781568602466 -0.137862210443037841445246 0.018637592296199977923367
  292 0.097299346512239037743086 -0.137334459300199690501287 0.018637592296199977923367
  293 0.032737727033766074458132 -0.137333024576739126665359 0.018637592296199977923367
  294 -0.160941483956876185690277 -0.137315303587435516563531 0.018637592296199977923367
  295 -0.225503994475171165579042 -0.137315296271907111291810 0.018637592296199977923367
  296 0.255396071312993078183951 -0.123515271217976688178375 0.018637592296199977923367
  297 0.319958635941399949231823 -0.123515166514470906000689 0.018637592296199977923367
  298 0.384521153016352090769914 -0.123515160457708411678723 0.018637592296199977923367
  299 0.449083683692096502504398 -0.123515160375341423448781 0.018637592296199977923367
  300 0.190832883744292747252302 -0.123514134455495888653687 0.018637592296199977923367
  301 -0.319956125955243864122934 -0.122292105522453467547628 0.018637592296199977923367
  302 -0.384518638650247934762660 -0.122292089554279184704377 0.018637592296199977923367
  303 -0.449081150805191953168105 -0.122292086850308540091348 0.018637592296199977923367
  304 -0.063788074520988530258236 -0.119224619423933198003596 0.018637592296199977923367
  305 -0.128350591882567172108409 -0.119224611332935256924337 0.018637592296199977923367
  306 0.129580604771881047199145 -0.118696861959165261835025 0.018637592296199977923367
  307 0.000456496399590128917705 -0.118695386818980369580956 0.018637592296199977923367
  308 0.065018950375618680959100 -0.118695374187808566635027 0.018637592296199977923367
  309 -0.193222737104212116676649 -0.118677704823541368961415 0.018637592296199977923367
  310 -0.257778713697652039904540 -0.118666385001907528917720 0.018637592296199977923367
  311 0.287677290446753719521666 -0.104877588906509666699662 0.018637592296199977923367
  312 0.352239889371565362274907 -0.104877568240451579661965 0.018637592296199977923367
  313 0.416802409826839193041081 -0.104877568038576757247782 0.018637592296199977923367
  314 0.223114137175610904861855 -0.104876536183473173524661 0.018637592296199977923367
  315 0.481362407663231461896203 -0.104873181638051427011504 0.018637592296199977923367
  316 -0.352237377693130737643656 -0.103654504317323314932509 0.018637592296199977923367
  317 -0.481362407663231461896203 -0.103654494513540001987550 0.018637592296199977923367
  318 -0.416799893947150779105471 -0.103654494513542944078566 0.018637592296199977923367
  319 -0.096069331113942391109362 -0.100587025769500765237652 0.018637592296199977923367
  320 0.161861943736645697011767 -0.100059411529833122700417 0.018637592296199977923367
  321 0.097300207080064010645160 -0.100057781582053667568388 0.018637592296199977923367
  322 0.032737718904165921673943 -0.100057734980393941981447 0.018637592296199977923367
  323 -0.031822099218988188218393 -0.100051309447870148683357 0.018637592296199977923367
  324 -0.160941476535470362474456 -0.100040118913899162000902 0.018637592296199977923367
  325 -0.225497456326693018757723 -0.100028793553541800465112 0.018637592296199977923367
  326 -0.290059939986362480546234 -0.100028739717608158854567 0.018637592296199977923367
  327 0.255396017694104804363064 -0.086240024100039294752129 0.018637592296199977923367
  328 0.319958538801180913946354 -0.086239981841060395217902 0.018637592296199977923367
  329 0.384521146159139293185802 -0.086239975780522087900337 0.018637592296199977923367
  330 0.449081142302916125341739 -0.086235604027664378157247 0.018637592296199977923367
  331 -0.384518636929259249868096 -0.085016901899895011562869 0.018637592296199977923367
  332 -0.449081148403595975526770 -0.085016898017084507888086 0.018637592296199977923367
  333 -0.128350584461161348892588 -0.081949426659398902361708 0.018637592296199977923367
  334 0.194143197167983699857885 -0.081421813257785913275910 0.018637592296199977923367
  335 0.129581567467107999780396 -0.081420294052244185367684 0.018637592296199977923367
  336 0.065018976444878154308249 -0.081420143826044108492646 0.018637592296199977923367
  337 0.000459665043791089946747 -0.081414595989520235908010 0.018637592296199977923367
  338 -0.064103383836255606320620 -0.081413669071039140856527 0.018637592296199977923367
  339 -0.193216195757951264555530 -0.081391207643899593504599 0.018637592296199977923367
  340 -0.257778682615403431643841 -0.081391148269242430401960 0.018637592296199977923367
  341 -0.322341191724249354066956 -0.081391138512478020117236 0.018637592296199977923367
  342 0.287677258657511425443687 -0.067602404232986135212968 0.018637592296199977923367
  343 0.352239792231346326989438 -0.067602383567041068879178 0.018637592296199977923367
  344 0.416799882044284919491162 -0.067598017580894759204213 0.018637592296199977923367
  345 0.481362407663231461896203 -0.067597996964514336926122 0.018637592296199977923367
  346 -0.481362407663231461896203 -0.066379309840002911902168 0.018637592296199977923367
  347 -0.416799891510542586114951 -0.066379305619669703997232 0.018637592296199977923367
  348 0.226424751219974490501485 -0.062784735685519066361593 0.018637592296199977923367
  349 0.161862821516433191826323 -0.062782694709928560383716 0.018637592296199977923367
  350 0.097300384819974744532445 -0.062782573179006567754001 0.018637592296199977923367
  351 0.032740922584501806757995 -0.062777004835173011443317 0.018637592296199977923367
  352 -0.031822099242320794898475 -0.062776124774333058597975 0.018637592296199977923367
  353 -0.096384685102059441952349 -0.062775990070981488311297 0.018637592296199977923367
  354 -0.160928371636227335317315 -0.062764039076557032181825 0.018637592296199977923367
  355 -0.225497422046661649686072 -0.062753562359600223441447 0.018637592296199977923367
  356 -0.290059934353290305164563 -0.062753547064112263909053 0.018637592296199977923367
  357 -0.354622446342451269618579 -0.062753542296197548089332 0.018637592296199977923367
  358 0.319958507011938619868374 -0.048964797167536863731208 0.018637592296199977923367
  359 0.384518576596920180765693 -0.048960509403559580865473 0.018637592296199977923367
  360 0.449081142302916125341739 -0.048960419354127295010759 0.018637592296199977923367
  361 -0.449081147733807639621517 -0.047741712183439678762742 0.018637592296199977923367
  362 0.258706010322492241382264 -0.044147147236301455264229 0.018637592296199977923367
  363 0.194144559411669415105450 -0.044145297139811377762353 0.018637592296199977923367
  364 0.129581661387630053816622 -0.044144934834212133656361 0.018637592296199977923367
  365 0.065022261448470897171603 -0.044139554537562727953848 0.018637592296199977923367
  366 0.000459656858425561284324 -0.044139397178045686187531 0.018637592296199977923367
  367 -0.064103378209101530282865 -0.044138484397502480982567 0.018637592296199977923367
  368 -0.128653072970170118116684 -0.044116125740299376445375 0.018637592296199977923367
  369 -0.193215588492670842235555 -0.044116022975309115983222 0.018637592296199977923367
  370 -0.257778673732675323027053 -0.044115961064623052112488 0.018637592296199977923367
  371 -0.322341188971492220716186 -0.044115950847831798820042 0.018637592296199977923367
  372 -0.386903700923734605865434 -0.044115946015972233584801 0.018637592296199977923367
  373 0.352237303846168359200419 -0.030322944593803382445918 0.018637592296199977923367
  374 0.416799882044284919491162 -0.030322832907357665649384 0.018637592296199977923367
  375 0.481362407659736202258927 -0.030322812290977246840740 0.018637592296199977923367
  376 -0.481362407663231461896203 -0.029104125166465818347339 0.018637592296199977923367
  377 0.290987254335237144342585 -0.025509532650847835388852 0.018637592296199977923367
  378 0.226425816772945043275911 -0.025507703242856144543182 0.018637592296199977923367
  379 0.161863295890698644097228 -0.025507510039409982821601 0.018637592296199977923367
  380 0.097303514875509283799104 -0.025501956258127244508982 0.018637592296199977923367
  381 0.032740922561673463375698 -0.025501820161635924827381 0.018637592296199977923367
  382 -0.031822093615166718860721 -0.025500940100796388315674 0.018637592296199977923367
  383 -0.096371727231099449384466 -0.025478552890639428324393 0.018637592296199977923367
  384 -0.160934301065726398372036 -0.025478483585537378686148 0.018637592296199977923367
  385 -0.225496814781381255121673 -0.025478377691009742450623 0.018637592296199977923367
  386 -0.290059926931884481948742 -0.025478362390575916285318 0.018637592296199977923367
  387 -0.354622443552775556963041 -0.025478354567606491254406 0.018637592296199977923367
  388 -0.419184957146999659372000 -0.025478352579742211819758 0.018637592296199977923367
  389 0.384518576596920180765693 -0.011685324730022487310643 0.018637592296199977923367
  390 0.449081142298953628344549 -0.011685234680590204925377 0.018637592296199977923367
  391 0.258707061291856998952454 -0.006870088376713161422427 0.018637592296199977923367
  392 0.194144610497593961273566 -0.006870017726951688913362 0.018637592296199977923367
  393 0.323266363901511422085377 -0.006868221590336148763001 0.018637592296199977923367
  394 0.129584858312874029451223 -0.006864513881953362810229 0.018637592296199977923367
  395 0.065022258005974248318282 -0.006864363940927467079567 0.018637592296199977923367
  396 0.000459662485579648272521 -0.006864212504509017639953 0.018637592296199977923367
  397 -0.064090411997153137746430 -0.006840955608706047498535 0.018637592296199977923367
  398 -0.128652972838321333348688 -0.006840941066896776869000 0.018637592296199977923367
  399 -0.193215527354436811258154 -0.006840838301238007755634 0.018637592296199977923367
  400 -0.257778066467394928462653 -0.006840776396032568519578 0.018637592296199977923367
  401 -0.451466217076423481646685 -0.006840765562768359210610 0.018637592296199977923367
  402 -0.322341181550086397500365 -0.006840766174295444257414 0.018637592296199977923367
  403 -0.386903698785049821040616 -0.006840759414930312407033 0.018637592296199977923367
  404 0.416799882042162950224196 0.006952351769513052948124 0.018637592296199977923367
  405 0.481362407654083557240199 0.006952372382559845846728 0.018637592296199977923367
  406 0.226425854654763197837397 0.011767596608352106496431 0.018637592296199977923367
  407 0.355547618098306206224635 0.011769375355842638664061 0.018637592296199977923367
  408 0.290986184778047718424432 0.011771237312845338543466 0.018637592296199977923367
  409 0.161866161229880345384657 0.011772998678116874948785 0.018637592296199977923367
  410 0.097303514852715697336372 0.011773228415409843841677 0.018637592296199977923367
  411 0.032740928188827546352346 0.011773364511900738516026 0.018637592296199977923367
  412 -0.096371671710308220992758 0.011796631782856314626939 0.018637592296199977923367
  413 -0.031808165640258775908045 0.011796650528935985827172 0.018637592296199977923367
  414 -0.160934202937977222092059 0.011796701087870549093384 0.018637592296199977923367
  415 -0.225496754303707247490962 0.011796806982478289654859 0.018637592296199977923367
  416 -0.290059319666604031873192 0.011796822278014568174953 0.018637592296199977923367
  417 -0.354622436131369733747221 0.011796830105929858104052 0.018637592296199977923367
  418 -0.419184956121160356978805 0.011796832093794869592007 0.018637592296199977923367
  419 -0.481362407663231461896203 0.015422594040929103395565 0.018637592296199977923367
  420 0.449081142291980539571483 0.025589949992946881690559 0.018637592296199977923367
  421 0.387828866818038187069817 0.030406981788566173757760 0.018637592296199977923367
  422 0.323267438974842502563689 0.030408834259024124235804 0.018637592296199977923367
  423 0.258704968593372497398519 0.030408900097769746284637 0.018637592296199977923367
  424 0.194147461643484425808381 0.030410515574231002100536 0.018637592296199977923367
  425 0.129584795103069277955044 0.030410780235443118230121 0.018637592296199977923367
  426 0.065022260808266882370354 0.030410825625459533827488 0.018637592296199977923367
  427 -0.064089430652260651055663 0.030434229051913095492887 0.018637592296199977923367
  428 -0.128652917317530118834767 0.030434243606598965214971 0.018637592296199977923367
  429 0.000473151898685239557813 0.030434286400586318954709 0.018637592296199977923367
  430 -0.193215466876762803627443 0.030434346372250026951933 0.018637592296199977923367
  431 -0.257778056213399164864342 0.030434408277503113837703 0.018637592296199977923367
  432 -0.322340677613278392410479 0.030434418495835193624321 0.018637592296199977923367
  433 -0.386903683691343813766395 0.030434438547410791464642 0.018637592296199977923367
  434 -0.449081150745959556402909 0.034060186275104133157843 0.018637592296199977923367
  435 0.481362407663231461896203 0.044227557056096933330025 0.018637592296199977923367
  436 0.420110123103893062790348 0.049044575116387462143663 0.018637592296199977923367
  437 0.355548687694574483408871 0.049046440691747662798949 0.018637592296199977923367
  438 0.290986222790167281537776 0.049046497043948533711699 0.018637592296199977923367
  439 0.161866112347178320307606 0.049048267980079787720094 0.018637592296199977923367
  440 0.097303520479896293826627 0.049048413088946508919808 0.018637592296199977923367
  441 0.226426681610966629154547 0.049051635463797524372431 0.018637592296199977923367
  442 -0.096371620234543098337809 0.049071816456357858493575 0.018637592296199977923367
  443 -0.031808129911247477739078 0.049071835519341217013434 0.018637592296199977923367
  444 -0.160934179449459535682365 0.049071885761400237113694 0.018637592296199977923367
  445 -0.225496794183189214200169 0.049071991655994046110933 0.018637592296199977923367
  446 -0.290059418514418188017601 0.049072006951420596432278 0.018637592296199977923367
  447 -0.354622049645829218178505 0.049072014777463320023276 0.018637592296199977923367
  448 0.032754969796655125646723 0.049072586614665611448594 0.018637592296199977923367
  449 -0.416799891678537037797980 0.052697774785108383865939 0.018637592296199977923367
  450 -0.481362407655868906886099 0.052697778714466195215671 0.018637592296199977923367
  451 0.452391378543028022107819 0.067682169910770528797883 0.018637592296199977923367
  452 0.387829943980429359129403 0.067684034019568947715406 0.018637592296199977923367
  453 0.323267471495585989593735 0.067684103507559822965334 0.018637592296199977923367
  454 0.129584783185227730983868 0.067685995297904644196763 0.018637592296199977923367
  455 0.194145424753154660635346 0.067689227800960150016607 0.018637592296199977923367
  456 0.258707935807761413293804 0.067689232409976304860599 0.018637592296199977923367
  457 -0.064090366217404021176307 0.067709413713709365456594 0.018637592296199977923367
  458 -0.128652893829012432425074 0.067709428280128658439452 0.018637592296199977923367
  459 0.000473304255628273669310 0.067709471073812033115047 0.018637592296199977923367
  460 -0.193215506756244770336650 0.067709531045765783408008 0.018637592296199977923367
  461 -0.257778157997544665747114 0.067709592950901245633766 0.018637592296199977923367
  462 -0.322340790510125652090778 0.067709603169201312833358 0.018637592296199977923367
  463 0.065037000996063937252600 0.067711508031794570561246 0.018637592296199977923367
  464 -0.384518464860066022659169 0.071335072738674426551242 0.018637592296199977923367
  465 -0.449081149824106240497912 0.071335370948641202426543 0.018637592296199977923367
  466 0.420111257172371299617453 0.086321728831033783801985 0.018637592296199977923367
  467 0.355548736164173317941817 0.086321711299287867680263 0.018637592296199977923367
  468 0.226426678949949472530179 0.086326824747138944382563 0.018637592296199977923367
  469 0.161864170717707728242019 0.086326825026601522461434 0.018637592296199977923367
  470 0.290989184509921283705580 0.086326838873135539054182 0.018637592296199977923367
  471 -0.096371625818248790595888 0.086347001299798969986554 0.018637592296199977923367
  472 -0.031809117516933688163405 0.086347020179795008765211 0.018637592296199977923367
  473 -0.160934219328941502391572 0.086347070434916003978110 0.018637592296199977923367
  474 -0.225496895967442878561116 0.086347176329392177906996 0.018637592296199977923367
  475 -0.290059531411284321489319 0.086347191624786726049656 0.018637592296199977923367
  476 0.032754977602171511663620 0.086347772626462593326124 0.018637592296199977923367
  477 0.097318626519199466495813 0.086349751770199476008649 0.018637592296199977923367
  478 -0.352237205724362401060290 0.089972661130412426300218 0.018637592296199977923367
  479 -0.416799889878705309698148 0.089972959458645432317958 0.018637592296199977923367
  480 -0.481362407663231461896203 0.089972963388003285301053 0.018637592296199977923367
  481 0.481362407663231461896203 0.091136782765444110387953 0.018637592296199977923367
  482 0.387830036287727775157208 0.104959383475412990072151 0.018637592296199977923367
  483 0.194145424914502512381276 0.104964421972780302949602 0.018637592296199977923367
  484 0.258707927652109370697531 0.104964431210298178576146 0.018637592296199977923367
  485 0.323270440811733839048259 0.104964432173317398500068 0.018637592296199977923367
  486 -0.064090379552235440807628 0.104984611982482878289602 0.018637592296199977923367
  487 -0.128652933708494399134281 0.104984612953644418364973 0.018637592296199977923367
  488 0.000472114392725908203676 0.104984655728358286519430 0.018637592296199977923367
  489 -0.193215608540498434697597 0.104984715719163915204071 0.018637592296199977923367
  490 -0.257778270894410799218832 0.104984777624267361373356 0.018637592296199977923367
  491 0.065035859998041692375814 0.104986692687868615747604 0.018637592296199977923367
  492 0.129598479459822946147085 0.104991351811311403596783 0.018637592296199977923367
  493 -0.319955946625521125969982 0.108610249585997825638728 0.018637592296199977923367
  494 -0.384518462163154828292733 0.108610257412211419492110 0.018637592296199977923367
  495 -0.449081150745959556402909 0.108610555622178278634138 0.018637592296199977923367
  496 0.449082486981721207275342 0.109776689236285168727036 0.018637592296199977923367
  497 0.290989183953921870529058 0.123602024510480038022031 0.018637592296199977923367
  498 0.355551696246759418862382 0.123602026974818104965159 0.018637592296199977923367
  499 0.226426673616662410548628 0.123602028435939537143184 0.018637592296199977923367
  500 -0.096371665697730757305095 0.123622185973314729912076 0.018637592296199977923367
  501 -0.031809145303909977520185 0.123622243480369986556866 0.018637592296199977923367
  502 -0.160934321113195166752519 0.123622255108314121896385 0.018637592296199977923367
  503 -0.225497008864309012032834 0.123622361002758293646586 0.018637592296199977923367
  504 0.032752961794903272252366 0.123622957245493200750808 0.018637592296199977923367
  505 0.097315824764671016167128 0.123626522813475012152473 0.018637592296199977923367
  506 0.161879778285211800570309 0.123629025907502188008635 0.018637592296199977923367
  507 -0.287674686108647603699495 0.127247835585478474840215 0.018637592296199977923367
  508 -0.352237202024957285484419 0.127247845803949322096571 0.018637592296199977923367
  509 -0.416799891678536982286829 0.127248144132182494647765 0.018637592296199977923367
  510 -0.481362407663231461896203 0.127248148061540361508648 0.018637592296199977923367
  511 0.416801227534489948656216 0.128414277088441247665074 0.018637592296199977923367
  512 0.481362407663185887241042 0.128416595707205122289807 0.018637592296199977923367
  513 0.323270439388947450343181 0.142239619311980730609335 0.018637592296199977923367
  514 0.258707929918474910380155 0.142239621736121396589070 0.018637592296199977923367
  515 -0.128653035492748063495227 0.142259797627042550161036 0.018637592296199977923367
  516 -0.064090422101670416199504 0.142259801280486097851963 0.018637592296199977923367
  517 -0.193215721437364568169315 0.142259900392530030943661 0.018637592296199977923367
  518 0.000471702194062951422719 0.142260544831590535208576 0.018637592296199977923367
  519 0.065033364011248401270748 0.142262029786724308877410 0.018637592296199977923367
  520 0.129598474223453774545334 0.142266536484848132859682 0.018637592296199977923367
  521 0.194161087775740426319970 0.142266737456853809007384 0.018637592296199977923367
  522 -0.255393424078545816513497 0.145885418963969393235658 0.018637592296199977923367
  523 -0.319955940430078245029222 0.145885434259534402245961 0.018637592296199977923367
  524 -0.384518464860065911636866 0.145885442085748412432977 0.018637592296199977923367
  525 -0.449081150756468538975952 0.145885740313917489086037 0.018637592296199977923367
  526 0.449081150671557405296141 0.147054187812590664297119 0.018637592296199977923367
  527 0.384522725351608696264805 0.147056639848457071373389 0.018637592296199977923367
  528 0.290989185353500490194278 0.160877216537622103054161 0.018637592296199977923367
  529 -0.096371767481984421666041 0.160897370646712861708139 0.018637592296199977923367
  530 -0.160934434010061272468661 0.160897439781680251513762 0.018637592296199977923367
  531 -0.031809574603697481076647 0.160898102631706618748098 0.018637592296199977923367
  532 0.032752104410408079682160 0.160899617372821629457391 0.018637592296199977923367
  533 0.097315819528301844565377 0.160901707487011741415373 0.018637592296199977923367
  534 0.161879796852081841995741 0.160904270790459963391683 0.018637592296199977923367
  535 0.226442391594575992419536 0.160904412897966836437647 0.018637592296199977923367
  536 -0.223112136651601344894402 0.164522958353741144410520 0.018637592296199977923367
  537 -0.287674676514927174508784 0.164523020259014329802483 0.018637592296199977923367
  538 -0.352237205724362234526836 0.164523030477486231770712 0.018637592296199977923367
  539 -0.416799891680714684749631 0.164523328809491498070372 0.018637592296199977923367
  540 -0.481362407663231461896203 0.164523332735077465471818 0.018637592296199977923367
  541 0.481362407663231461896203 0.165691780380742226252977 0.018637592296199977923367
  542 0.352241468493796727745604 0.165694232185619683139777 0.018637592296199977923367
  543 0.416802646032654322549860 0.165696546320102722216205 0.018637592296199977923367
  544 -0.128653148389614169211370 0.179534982300408679778414 0.018637592296199977923367
  545 -0.064090882352907746488668 0.179535606822103788182687 0.018637592296199977923367
  546 0.000470827612647642358094 0.179537175172937712996912 0.018637592296199977923367
  547 0.065033358774879215791209 0.179537214460261024262522 0.018637592296199977923367
  548 0.194161100066291586463407 0.179541945183980672373636 0.018637592296199977923367
  549 0.258723706342398496182966 0.179542111831283379697055 0.018637592296199977923367
  550 0.129599538060683611151447 0.179543591722474943361831 0.018637592296199977923367
  551 -0.190830849224298076949324 0.183160497742891337225046 0.018637592296199977923367
  552 -0.255393364436030612107942 0.183160603637458785364345 0.018637592296199977923367
  553 -0.319955946625520515347318 0.183160618933070978853195 0.018637592296199977923367
  554 -0.384518464865200637614606 0.183160626768179179979512 0.018637592296199977923367
  555 -0.449081150797411732256137 0.183160925058370283036169 0.018637592296199977923367
  556 0.319960214458349767596701 0.184331829411261055584603 0.018637592296199977923367
  557 0.449083902890693775766806 0.184334138656871260320003 0.018637592296199977923367
  558 0.384521386431539380357236 0.184334143408018180654295 0.018637592296199977923367
  559 -0.096372195657911788324590 0.198173101389519851212029 0.018637592296199977923367
  560 -0.031810480136562624409180 0.198174679363334882431502 0.018637592296199977923367
  561 0.032752088785500343970369 0.198174802046355430507063 0.018637592296199977923367
  562 0.097315803654160940028284 0.198176892160545459198318 0.018637592296199977923367
  563 0.226442405760537313064162 0.198179631061892347343445 0.018637592296199977923367
  564 0.161881594860497052268400 0.198182571142230506966442 0.018637592296199977923367
  565 -0.223112076410781567936681 0.201798143027229537338485 0.018637592296199977923367
  566 -0.287674686108646160409563 0.201798204932550184764750 0.018637592296199977923367
  567 -0.352237205750297266426685 0.201798215195944291577845 0.018637592296199977923367
  568 -0.158549403453185078216592 0.201798255758733890985468 0.018637592296199977923367
  569 -0.416799891680714684749631 0.201798513483028574277967 0.018637592296199977923367
  570 -0.481362407663231461896203 0.201798517408614541679412 0.018637592296199977923367
  571 0.416802646032654322549860 0.202971730993639826179376 0.018637592296199977923367
  572 0.352239486508551580268289 0.202972859113382059215169 0.018637592296199977923367
  573 0.481362407663231461896203 0.202976496933000322142604 0.018637592296199977923367
  574 0.287567822176619303231604 0.203152917479771155662149 0.018637592296199977923367
  575 -0.064091793441566652367314 0.216812173930750945460844 0.018637592296199977923367
  576 0.000470811987739902526335 0.216812359846471541802160 0.018637592296199977923367
  577 0.065033342900738325131904 0.216812399133794742045467 0.018637592296199977923367
  578 0.129599538567233218966379 0.216818778747986551369564 0.018637592296199977923367
  579 0.194163417080209815823721 0.216821153304561087260538 0.018637592296199977923367
  580 -0.190830756403722240355236 0.220435682416312866971353 0.018637592296199977923367
  581 -0.255393424078490693940324 0.220435788310948149737456 0.018637592296199977923367
  582 -0.319955946631246990197184 0.220435803616526648784912 0.018637592296199977923367
  583 -0.384518464865200637614606 0.220435811441716283942682 0.018637592296199977923367
  584 -0.449081150797526196249976 0.220436109732105589564810 0.018637592296199977923367
  585 -0.126264131439354471142522 0.220442174930316370229377 0.018637592296199977923367
  586 0.319954683591099742212549 0.221607013674464947694531 0.018637592296199977923367
  587 0.384521391917691024442405 0.221609328081554868283831 0.018637592296199977923367
  588 0.449081150805191953168105 0.221614089269768860246401 0.018637592296199977923367
  589 0.255271768464981840818240 0.221808189311269859933518 0.018637592296199977923367
  590 -0.031810587258812118849338 0.235449864036718053972308 0.018637592296199977923367
  591 0.032752083299850437425604 0.235449986719892118136599 0.018637592296199977923367
  592 0.097315802803214432326051 0.235452076834082535405912 0.018637592296199977923367
  593 0.161881598158989725710910 0.235457774188997853714866 0.018637592296199977923367
  594 -0.223112136651545139853781 0.239073327700717958022025 0.018637592296199977923367
  595 -0.287674686109227750741013 0.239073389607094732856041 0.018637592296199977923367
  596 -0.352237205750297266426685 0.239073399869481395541015 0.018637592296199977923367
  597 -0.158549039971037197815917 0.239073442856472972994908 0.018637592296199977923367
  598 -0.416799891680714684749631 0.239073698156565678241137 0.018637592296199977923367
  599 -0.481362407663231461896203 0.239073702082151645642583 0.018637592296199977923367
  600 -0.093980389988941176460102 0.239085727506113954188294 0.018637592296199977923367
  601 0.352233983041241593969772 0.240248043380641457256175 0.018637592296199977923367
  602 0.481362407663231461896203 0.240251681606537426105774 0.018637592296199977923367
  603 0.416799896690228655060650 0.240251686357683902350857 0.018637592296199977923367
  604 0.287563373191424331842825 0.240428102491524353645502 0.018637592296199977923367
  605 0.222971440649102764508527 0.240476025355751243939295 0.018637592296199977923367
  606 0.000470618707937979789593 0.254087544519507546603165 0.018637592296199977923367
  607 0.065033342049791803551884 0.254087583807331818253061 0.018637592296199977923367
  608 0.129599536565976808377698 0.254093974633594454903829 0.018637592296199977923367
  609 -0.190830849224164628141764 0.257710867089734396717660 0.018637592296199977923367
  610 -0.255393424078534769794402 0.257710972984561637044720 0.018637592296199977923367
  611 -0.319955946631246990197184 0.257710988290063724992507 0.018637592296199977923367
  612 -0.384518464865653553097502 0.257710996116037927006204 0.018637592296199977923367
  613 -0.449081150797526196249976 0.257711294405642665772405 0.018637592296199977923367
  614 -0.126264933135879137138247 0.257717626664272669856359 0.018637592296199977923367
  615 -0.061698681693754364729898 0.257724091374479269411779 0.018637592296199977923367
  616 0.319950719166975039442491 0.258882198137182717445626 0.018637592296199977923367
  617 0.384515888450381038143888 0.258884512348814266324837 0.018637592296199977923367
  618 0.449081153548268163788748 0.258889278694452440454654 0.018637592296199977923367
  619 0.255270139860790779007260 0.259083373949228978894155 0.018637592296199977923367
  620 0.190689559566355415487493 0.259112536461793996345193 0.018637592296199977923367
  621 0.032751855626319589798179 0.272725171392733889419446 0.018637592296199977923367
  622 0.097315570494996464501192 0.272727261506895746201451 0.018637592296199977923367
  623 -0.223112136651545056587054 0.276348512374255061985195 0.018637592296199977923367
  624 -0.287674686109801014399778 0.276348574281624681514558 0.018637592296199977923367
  625 -0.352237205750297266426685 0.276348584543018471748610 0.018637592296199977923367
  626 -0.416799891720675441675326 0.276348882899316805605849 0.018637592296199977923367
  627 -0.481362407663231461896203 0.276348886755688749605753 0.018637592296199977923367
  628 -0.158549842089728165728246 0.276348891953779318697570 0.018637592296199977923367
  629 -0.093980383983476134535096 0.276360912179650586306678 0.018637592296199977923367
  630 -0.029417024035632548945030 0.276362377934799119394427 0.018637592296199977923367
  631 0.352232932698300083007581 0.277523356233294049566496 0.018637592296199977923367
  632 0.416798925167160494442697 0.277526871018560328252534 0.018637592296199977923367
  633 0.481362407663231461896203 0.277526875782367510314685 0.018637592296199977923367
  634 0.287561597212192099348727 0.277703287547227062326272 0.018637592296199977923367
  635 0.158407453874771786406228 0.277748658498411959971719 0.018637592296199977923367
  636 0.222970090352137217948325 0.277751812154280575128951 0.018637592296199977923367
  637 0.065033109741573849604812 0.291362768480145029048600 0.018637592296199977923367
  638 -0.255393424078534769794402 0.294986157658098713252315 0.018637592296199977923367
  639 -0.319955946710542726840742 0.294986173100945214820001 0.018637592296199977923367
  640 -0.384518464865768849758609 0.294986180789773233534845 0.018637592296199977923367
  641 -0.449081150797526196249976 0.294986479079179741979999 0.018637592296199977923367
  642 -0.190831098947294636181127 0.294986484291367090371239 0.018637592296199977923367
  643 -0.126264877690396098985914 0.294992897005056042836202 0.018637592296199977923367
  644 -0.061698681693873304310305 0.294999276048016345619374 0.018637592296199977923367
  645 0.002864389842464333708894 0.295000242244813748460075 0.018637592296199977923367
  646 0.319949164182139644818648 0.296157382778285627189518 0.018637592296199977923367
  647 0.384514916927312877525935 0.296159697009690692226513 0.018637592296199977923367
  648 0.449080309710316372129313 0.296164463358438156959096 0.018637592296199977923367
  649 0.255269136449605471561597 0.296358558609260636096394 0.018637592296199977923367
  650 0.126123613687359054091885 0.296381775661138380240089 0.018637592296199977923367
  651 0.190687861738350616924720 0.296387721259379621763230 0.018637592296199977923367
  652 -0.287674686109801014399778 0.313623758955161757722152 0.018637592296199977923367
  653 -0.352237205750298099093953 0.313623769216555547956204 0.018637592296199977923367
  654 -0.416799891720675441675326 0.313624067572853881813444 0.018637592296199977923367
  655 -0.481362407663231461896203 0.313624071429225825813347 0.018637592296199977923367
  656 -0.223112355804919088031468 0.313624076628854497883481 0.018637592296199977923367
  657 -0.158549836081717965274862 0.313624076627315895304804 0.018637592296199977923367
  658 -0.093980383983595081054396 0.313636096853187662514273 0.018637592296199977923367
  659 -0.029417024037874387604186 0.313637562608336195602021 0.018637592296199977923367
  660 0.035145703317976492718877 0.313637927104621794249795 0.018637592296199977923367
  661 0.352232241218433106411112 0.314798613872237398325638 0.018637592296199977923367
  662 0.416798295570458554593074 0.314802055686780324350593 0.018637592296199977923367
  663 0.481362279191356989827000 0.314802060455683208051170 0.018637592296199977923367
  664 0.287560593679800302613359 0.314978472207255444370588 0.018637592296199977923367
  665 0.158401735294052214975125 0.315024932777429933494773 0.018637592296199977923367
  666 0.222966700811278922822467 0.315029937965826956070003 0.018637592296199977923367
  667 0.091918756648659644126198 0.317181393207922490695694 0.018637592296199977923367
  668 -0.319955946710543559508011 0.332261357774482291027596 0.018637592296199977923367
  669 -0.384518464865768849758609 0.332261365463310309742440 0.018637592296199977923367
  670 -0.449081150798610329033522 0.332261663754594649411445 0.018637592296199977923367
  671 -0.255393612662898117360299 0.332261668965727730018500 0.018637592296199977923367
  672 -0.190831092939284435727743 0.332261668964903666978472 0.018637592296199977923367
  673 -0.126264859887341013289230 0.332268112526934389361344 0.018637592296199977923367
  674 -0.061698681696115136030567 0.332274460721553421826968 0.018637592296199977923367
  675 0.002864301642861920467464 0.332275426918246463703355 0.018637592296199977923367
  676 0.319948465077884991458745 0.333432567445266836436701 0.018637592296199977923367
  677 0.384514287330610937676312 0.333434881677910688324573 0.018637592296199977923367
  678 0.449079786003858949516854 0.333439648028296231618839 0.018637592296199977923367
  679 0.255267448793280893326596 0.333633743244592884114041 0.018637592296199977923367
  680 0.125359052960812539234681 0.333649118460722537982122 0.018637592296199977923367
  681 0.190682773493633717087903 0.333662905585631552884962 0.018637592296199977923367
  682 0.062031473611726936634447 0.339456709257679623004123 0.018637592296199977923367
  683 -0.352237205750298099093953 0.350898953890092679674950 0.018637592296199977923367
  684 -0.416799891720675441675326 0.350899252246390958021038 0.018637592296199977923367
  685 -0.481362407663231461896203 0.350899256102762902020942 0.018637592296199977923367
  686 -0.287674869520895493124613 0.350899261302569209775015 0.018637592296199977923367
  687 -0.158549836080771999746730 0.350899261300852971512398 0.018637592296199977923367
  688 -0.223112349796908887578084 0.350899261302391130001865 0.018637592296199977923367
  689 -0.093980383985836912774658 0.350911281526724738721867 0.018637592296199977923367
  690 -0.029417622891736494583625 0.350912747277062730955066 0.018637592296199977923367
  691 0.352231237028303223457470 0.352073985788834087351518 0.018637592296199977923367
  692 0.481362217003374670554194 0.352077245129168436843514 0.018637592296199977923367
  693 0.416797413795165994088165 0.352077256833485507936388 0.018637592296199977923367
  694 0.287558906023475724378358 0.352253656842587692388236 0.018637592296199977923367
  695 0.157637097206691056960892 0.352292274097776136887461 0.018637592296199977923367
  696 0.222575298215956007830130 0.352958768821585722186285 0.018637592296199977923367
  697 0.029750025927823203070188 0.358093971070448213733783 0.018637592296199977923367
  698 0.088465591063805262828090 0.365737440354360010541512 0.018637592296199977923367
  699 -0.384518464865768849758609 0.369536550136847385950034 0.018637592296199977923367
  700 -0.449081150798610329033522 0.369536848428131725619039 0.018637592296199977923367
  701 -0.319956126378910687968471 0.369536853639379825331446 0.018637592296199977923367
  702 -0.255393606654887916906915 0.369536853639264362136885 0.018637592296199977923367
  703 -0.190831092938521962310006 0.369536853638557927226316 0.018637592296199977923367
  704 -0.126264811971442264537657 0.369543380230319185031362 0.018637592296199977923367
  705 -0.061699329197838402583098 0.369549645389466663303324 0.018637592296199977923367
  706 0.319947526308756835522473 0.370707752106982535433843 0.018637592296199977923367
  707 0.384513395797403845222107 0.370710066340786070782087 0.018637592296199977923367
  708 0.449079447953104282653669 0.370714832700300422896333 0.018637592296199977923367
  709 0.255243814087054265993260 0.370908920425217503158422 0.018637592296199977923367
  710 0.189918134469872323943918 0.370930246778821581798979 0.018637592296199977923367
  711 0.125373131313806868147864 0.370959783232877704506336 0.018637592296199977923367
  712 -0.002531579689481316172012 0.376730959325397185555317 0.018637592296199977923367
  713 0.056184143380435598580380 0.384374702168053583584140 0.018637592296199977923367
  714 -0.416799891720675441675326 0.388174436919928034228633 0.018637592296199977923367
  715 -0.481362407663231461896203 0.388174440776299978228536 0.018637592296199977923367
  716 -0.158549836079941885991218 0.388174445974390103231144 0.018637592296199977923367
  717 -0.352237383236925327700817 0.388174445976191384577447 0.018637592296199977923367
  718 -0.287674863512885292671228 0.388174445976105841893400 0.018637592296199977923367
  719 -0.223112349796788012046278 0.388174445975928206209460 0.018637592296199977923367
  720 -0.093986653888729607131403 0.388186465672944736038374 0.018637592296199977923367
  721 0.481362278724490333381425 0.389352429802654442791976 0.018637592296199977923367
  722 0.416794603132502938791504 0.389355649837063610974042 0.018637592296199977923367
  723 0.352222642623547188556188 0.389355983198666544264910 0.018637592296199977923367
  724 0.287535271317249097045021 0.389528834023212311432616 0.018637592296199977923367
  725 0.157654044535407600324817 0.389597970752746158851210 0.018637592296199977923367
  726 0.221240420548096977659824 0.391138012298050730120025 0.018637592296199977923367
  727 -0.034813254900878262687591 0.395367827034113050732600 0.018637592296199977923367
  728 0.023902537762597021731015 0.403011690422077573092707 0.018637592296199977923367
  729 0.088465466626817548800865 0.403012625027689364021199 0.018637592296199977923367
  730 -0.449081150798610329033522 0.406812033101668801826634 0.018637592296199977923367
  731 -0.255393606654803706490497 0.406812038312801438344479 0.018637592296199977923367
  732 -0.190831092938515883838946 0.406812038312293788866469 0.018637592296199977923367
  733 -0.319956120370900487515087 0.406812038312916457449830 0.018637592296199977923367
  734 -0.384518640093119257183929 0.406812038316156532324896 0.018637592296199977923367
  735 -0.125723151980799863203231 0.407751377243200152644675 0.018637592296199977923367
  736 0.319921777953413921657955 0.407982927887500179675584 0.018637592296199977923367
  737 0.384508733491291998518591 0.407985250722747161411519 0.018637592296199977923367
  738 0.449078714509337395544009 0.407990017366621771088830 0.018637592296199977923367
  739 0.254394603551092723936478 0.408174430403103305486923 0.018637592296199977923367
  740 0.125372824290084450282734 0.408236265547584853408125 0.018637592296199977923367
  741 0.188976461540178414244551 0.409805533332768923138190 0.018637592296199977923367
  742 -0.067097069126833414065558 0.414000989177729705748021 0.018637592296199977923367
  743 -0.008379137907684620217852 0.421648559172192738397911 0.018637592296199977923367
  744 0.056183887525066159018827 0.421649886840712584401558 0.018637592296199977923367
  745 -0.481362407663231461896203 0.425449625449837109947282 0.018637592296199977923367
  746 -0.158549836079821010459412 0.425449630647927179438739 0.018637592296199977923367
  747 -0.223112349796798170586953 0.425449630649628818268582 0.018637592296199977923367
  748 -0.287674863512836720413901 0.425449630649642918100994 0.018637592296199977923367
  749 -0.352237377228915127247433 0.425449630649727961184681 0.018637592296199977923367
  750 -0.416799896951157988755909 0.425449630652926291674021 0.018637592296199977923367
  751 0.481362407663231461896203 0.426627614475968530705074 0.018637592296199977923367
  752 0.416774419210200142149603 0.426660504823200115165349 0.018637592296199977923367
  753 0.286686054662148415150824 0.426794354613169113488169 0.018637592296199977923367
  754 0.351772893331452729537290 0.427346446204716068351104 0.018637592296199977923367
  755 0.221275024202602504930226 0.428413180909787305594705 0.018637592296199977923367
  756 0.156695437921327257457804 0.428443531520297515857720 0.018637592296199977923367
  757 -0.098618772951636526902242 0.433896254454364915797981 0.018637592296199977923367
  758 0.023902067360928105910212 0.440286875092646468043966 0.018637592296199977923367
  759 -0.042131424516299302573952 0.441682454490134879243612 0.018637592296199977923367
  760 -0.255393606654813365430812 0.444087222986439378313861 0.018637592296199977923367
  761 -0.319956120370851360146247 0.444087222986454421835845 0.018637592296199977923367
  762 -0.190831092938300694861198 0.444087222985830865074064 0.018637592296199977923367
  763 -0.384518634085109056730545 0.444087222989693108932130 0.018637592296199977923367
  764 -0.449081153809197497484007 0.444087222989694829777818 0.018637592296199977923367
  765 0.085545062091303136764253 0.444614226500188336466124 0.018637592296199977923367
  766 0.319072567346081692463144 0.445248437863759616295312 0.018637592296199977923367
  767 0.384461262313406049173636 0.445260405168216133464654 0.018637592296199977923367
  768 0.449081148003881436281404 0.445265201960723999707881 0.018637592296199977923367
  769 0.122811515854656175261717 0.445423737496544125402664 0.018637592296199977923367
  770 0.254422519321650386636691 0.445462607873148563886190 0.018637592296199977923367
  771 0.189011065194683941514953 0.447080701944505443101718 0.018637592296199977923367
  772 -0.131621676601352766144970 0.451223912782420744083112 0.018637592296199977923367
  773 -0.009078008287426267072795 0.458917192214676306072363 0.018637592296199977923367
  774 -0.073653910273192152446953 0.461576482518641528773884 0.018637592296199977923367
  775 -0.223112349797038284071604 0.462724815323665883415316 0.018637592296199977923367
  776 -0.287674863512836886947355 0.462724815323266314148754 0.018637592296199977923367
  777 -0.352237377227045289629359 0.462724815326419569583294 0.018637592296199977923367
  778 -0.416799890943147843813676 0.462724815326462923792405 0.018637592296199977923367
  779 -0.481362407663231461896203 0.462724820529552605119505 0.018637592296199977923367
  780 0.053262260175883112400808 0.463252469595025251347664 0.018637592296199977923367
  781 0.481340081199200131578664 0.464420921616200133019703 0.018637592296199977923367
  782 0.402681782337408700200854 0.477778892871386029472802 0.018637592296199977923367
  783 0.169909371982556678393195 0.479089524304537162091577 0.018637592296199977923367
  784 -0.040205984489800200565313 0.479423014689200122084856 0.018637592296199977923367
  785 -0.107902159129800542802791 0.480382849253200128192276 0.018637592296199977923367
  786 0.282334538656200118023065 0.481339581592200138615567 0.018637592296199977923367
  787 0.020681943162199963037740 0.481362343738200137988059 0.018637592296199977923367
  788 0.207115197912693838055986 0.481362387983385486833754 0.018637592296199977923367
  789 0.091791592372199456995041 0.481362370456200117097012 0.018637592296199977923367
  790 0.132703547254645254360739 0.481362407663231461896203 0.018637592296199977923367
  791 -0.384518634085059762828251 0.481362407663231461896203 0.018637592296199977923367
  792 -0.319956120369030816430467 0.481362407663231461896203 0.018637592296199977923367
  793 -0.449081147801187297030623 0.481362407663231461896203 0.018637592296199977923367
  794 -0.255393606655052951559526 0.481362407660477387150166 0.018637592296199977923367
  795 -0.190831092940613650243975 0.481362407663231461896203 0.018637592296199977923367
  796 -0.153555908267076574036381 0.481362407663231461896203 0.018637592296199977923367
  797 0.244390382586225723970941 0.481362407663231461896203 0.018637592296199977923367
  798 0.328304066561763252529715 0.481362407663231461896203 0.018637592296199977923367
  799 0.365579251235300328737310 0.481362407663231461896203 0.018637592296199977923367
  800 0.439784313439517127175549 0.481362407663231461896203 0.018637592296199977923367
